m_dot:  0.02364 [kg/s]
t_burn:  18.5021 [s]
a:  [0.43842 0.63048] [-]
b:  [ 4.15206 12.93692] [-]
c:  0 [-]